 EPZ   3020 72364  31.90 106.70 1257
 VEF   3120 72388  36.05 115.18  693
 YUM   3125 72280  32.87 114.33  131
 1Y7   3125 74004  32.87 114.40   98
 DRA   3160 72387  36.62 116.02 1007
 NKX   3190 72293  32.87 117.15  134
 EDW   3197 72381  34.90 117.92  724
 REV   3198 72489  39.57 119.80 1516
 LCH   3937 72240  30.12  93.22    5
 JAN   3940 72235  32.32  90.07   91
 OUN   3948 72357  35.23  97.47  362
 LZK   3952 72340  34.83  92.27  172
 FWD   3990 72249  32.80  97.30  196
 TFX   4102 72776  47.45 111.38 1130
 LKN   4105 72582  40.87 115.73 1608
 OTX   4106 72786  47.68 117.63  728
 DTX   4830 72632  42.70  83.47  329
 ILX   4833 74560  40.15  89.33  178
 APX   4837 72634  44.55  84.43  448
 EYW  12836 72201  24.55  81.75    1
 TBW  12842 72210  27.70  82.40   13
 XMR  12868 74794  28.48  80.55    5
 BRO  12919 72250  25.90  97.43    7
 CRP  12924 72251  27.77  97.50   14
 APG  13701 74002  39.47  76.07    5
 GSO  13723 72317  36.08  79.95  277
 ILN  13841 72426  39.42  83.82  317
 VPS  13858 72221  30.52  86.58   20
 CHS  13880 72208  32.90  80.03   15
 JAX  13889 72206  30.43  81.70   10
 BNA  13897 72327  36.25  86.57  180
 FSI  13945 72355  34.65  98.40  362
 SHV  13957 72248  32.45  93.83   84
 DDC  13985 72451  37.77  99.97  791
 SGF  13995 72440  37.23  93.40  394
 TOP  13996 72456  39.07  95.62  268
 CAR  14607 72712  46.87  68.02  191
 CHH  14684 74494  41.67  69.97   16
 BUF  14733 72528  42.93  78.73  218
 GRB  14898 72645  44.48  88.13  210
 INL  14918 72747  48.57  93.38  359
 ABR  14929 72659  45.45  98.42  397
 DRT  22010 72261  29.37 100.92  313
 MAF  23023 72265  31.93 102.20  873
 AMA  23047 72363  35.23 101.70 1095
 ABQ  23050 72365  35.05 106.62 1619
 DNR  23062 72469  39.77 104.88 1611
 GJT  23066 72476  39.12 108.53 1472
 TWC  23160 72274  32.23 110.96  753
 OAK  23230 72493  37.75 122.22    6
 BIS  24011 72764  46.77 100.75  503
 LBF  24023 72562  41.13 100.68  847
 RIW  24061 72672  43.06 108.47 1688
 SLC  24127 72572  40.77 111.97 1288
 BOI  24131 72681  43.57 116.22  871
 MFR  24225 72597  42.37 122.87  397
 SLE  24232 72694  44.92 123.02   61
 FGZ  53103 72376  35.23 111.82 2179
 SIL  53813 72233  30.33  89.82    8
 FFC  53819 72215  33.35  84.56  246
 BMX  53823 72230  33.10  86.70  178
 RNK  53829 72318  37.20  80.41  648
 GYX  54762 74389  43.89  70.25  125
 ALY  54775 72518  42.69  73.83   94
 MFL  92803 72202  25.75  80.38    4
 NTD  93111 72391  34.10 119.12    2
 NSI  93116 72291  33.25 119.45   14
 VBG  93214 72393  34.75 120.57  100
 IAD  93734 72403  38.98  77.47   85
 WAL  93739 72402  37.93  75.48   13
 MHX  93768 72305  34.70  76.80   11
 TLH  93805 72214  30.45  84.30   52
 GGW  94008 72768  48.20 106.62  693
 UNR  94043 72662  44.07 103.21 1037
 UIL  94240 72797  47.95 124.55   56
 OKX  94703 72501  40.87  72.87   20
 PIT  94823 72520  40.53  80.23  360
 OAX  94980 72558  41.32  96.37  350
 DVN  94982 74455  41.60  90.57  229
 MPX  94983 72649  44.83  93.55  287
 999 974001 74001  34.60  86.62  174
 999 974005 74005  33.53 112.58  331
 999 974006 74006  32.86 114.03  331
 999 974626 74626  33.45 111.95  384
 LMN 974646 74646  36.68  97.47  306
